       N       E                     dE             d eps       ncg     rms          rms(c)
DAV:   1    -0.367476330190E+01   -0.36748E+01   -0.67603E+02 16032   0.228E+01
DAV:   2    -0.368151037677E+01   -0.67471E-02   -0.68033E-02 10848   0.411E-01
DAV:   3    -0.368151044950E+01   -0.72735E-07   -0.73250E-07 20208   0.123E-03
DAV:   4    -0.368151044895E+01    0.55030E-09    0.12481E-12 10896   0.177E-07
DAV:   5    -0.368151044941E+01   -0.45240E-09    0.12775E-12 15408   0.292E-10    0.177E+00
RMM:   6    -0.375321377942E+01   -0.71703E-01   -0.22908E-03 10760   0.710E-02    0.836E-01
RMM:   7    -0.374477552803E+01    0.84383E-02   -0.89173E-04 11157   0.421E-02    0.673E-01
RMM:   8    -0.374474621683E+01    0.29311E-04   -0.17727E-04 11112   0.202E-02
   1 F= -.37447462E+01 E0= -.37447462E+01  d E =0.000000E+00  mag=    -0.0022
