       N       E                     dE             d eps       ncg     rms          rms(c)
DAV:   1    -0.366703529870E+01   -0.36670E+01   -0.73031E+02 15792   0.256E+01
DAV:   2    -0.368230483964E+01   -0.15270E-01   -0.15352E-01 11232   0.612E-01
DAV:   3    -0.368230519642E+01   -0.35678E-06   -0.36262E-06 20256   0.265E-03
DAV:   4    -0.368230519738E+01   -0.96061E-09   -0.69469E-12 11520   0.103E-06
DAV:   5    -0.368230519715E+01    0.23728E-09   -0.12823E-13 11520   0.133E-09    0.176E+00
RMM:   6    -0.375396639705E+01   -0.71661E-01   -0.24142E-03 10758   0.738E-02    0.832E-01
RMM:   7    -0.374553687408E+01    0.84295E-02   -0.96740E-04 11171   0.445E-02    0.675E-01
RMM:   8    -0.374549335638E+01    0.43518E-04   -0.19902E-04 11111   0.221E-02
   1 F= -.37454934E+01 E0= -.37454934E+01  d E =0.000000E+00  mag=    -0.0022
